  x1 x2 отклонение 

при использовании float:



(0.500000000000000, 1.500000000000000) 0.000050000000000 0.707106781186548
(0.750000000000000, 1.250000000000000) 0.000025000000000 0.353553390593274
(0.875000000000000, 1.125000000000000) 0.000012500000000 0.176776695296637
(0.937500000000000, 1.062500000000000) 0.000006250000000 0.088388347648318
(0.968750000000000, 1.031250000000000) 0.000003125000000 0.044194173824159
(0.984375000000000, 1.015625000000000) 0.000001562500000 0.022097086912080
(0.992187500000000, 1.007812500000000) 0.000000781250000 0.011048543456040
(0.996093750000000, 1.003906250000000) 0.000000390625000 0.005524271728020
(0.998046875000000, 1.001953125000000) 0.000000195312500 0.002762135864010
(0.999023437500000, 1.000976562500000) 0.000000097656250 0.001381067932005
(0.999511718750000, 1.000488281250000) 0.000000048828125 0.000690533966002
(0.999755859375000, 1.000244140625000) 0.000000024414063 0.000345266983001
(0.999877929687500, 1.000122070312500) 0.000000012207031 0.000172633491501
(0.999938964843750, 1.000061035156250) 0.000000006103516 0.000086316745750
(0.999969482421875, 1.000030517578125) 0.000000003051758 0.000043158372875
(0.999984741210938, 1.000015258789063) 0.000000001525879 0.000021579186438
(0.999992370605469, 1.000007629394531) 0.000000000762939 0.000010789593219
(0.999996185302734, 1.000003814697266) 0.000000000381470 0.000005394796609
(0.999998092651367, 1.000001907348633) 0.000000000190735 0.000002697398305
(0.999999046325684, 1.000000953674316) 0.000000000095367 0.000001348699152
(0.999999523162842, 1.000000476837158) 0.000000000047684 0.000000674349576

Process finished with exit code 0

при использовании double:


(0.500000000000000, 1.500000000000000) 0.000049999998737 0.707106781186548
(0.750000000000000, 1.250000000000000) 0.000024999999368 0.353553390593274
(0.875000000000000, 1.125000000000000) 0.000012499999684 0.176776695296637
(0.937500000000000, 1.062500000000000) 0.000006249999842 0.088388347648318
(0.968750000000000, 1.031250000000000) 0.000003124999921 0.044194173824159
(0.984375000000000, 1.015625000000000) 0.000001562499961 0.022097086912080
(0.992187500000000, 1.007812500000000) 0.000000781249980 0.011048543456040
(0.996093750000000, 1.003906250000000) 0.000000390624990 0.005524271728020
(0.998046875000000, 1.001953125000000) 0.000000195312495 0.002762135864010
(0.999023437500000, 1.000976562500000) 0.000000097656248 0.001381067932005
(0.999511718750000, 1.000488281250000) 0.000000048828124 0.000690533966002
(0.999755859375000, 1.000244140625000) 0.000000024414062 0.000345266983001
(0.999877929687500, 1.000122070312500) 0.000000012207031 0.000172633491501
(0.999938964843750, 1.000061035156250) 0.000000006103515 0.000086316745750
(0.999969482421875, 1.000030517578125) 0.000000003051758 0.000043158372875
(0.999984741210938, 1.000015258789063) 0.000000001525879 0.000021579186438
(0.999992370605469, 1.000007629394531) 0.000000000762939 0.000010789593219
(0.999996185302734, 1.000003814697266) 0.000000000381470 0.000005394796609
(0.999998092651367, 1.000001907348633) 0.000000000190735 0.000002697398305
(0.999999046325684, 1.000000953674316) 0.000000000095367 0.000001348699152
(0.999999523162842, 1.000000476837158) 0.000000000047684 0.000000674349576

Process finished with exit code 0

Видно, что погрешность при использовании float и double незначительна и в данном примере роли не играет,так как в обоих случаях вычисления корректны, но в double получаются более точные значения.


